version https://git-lfs.github.com/spec/v1
oid sha256:9ab58f58b7b36f501b04ee322ebe51273316358a3932667acb6a6a7043fdbb83
size 78523
